0.0 0.0
0.02 0.0
0.04 0.0
0.06 0.0
0.08 0.0
0.1 0.0
0.12 6.0
0.14 64.0
0.16 655.0
0.18 3002.0
0.2 7257.0
0.21 12562.0
0.23 14118.0
0.25 6995.0
0.27 2295.0
0.29 1503.0
0.31 1443.0
0.33 1441.0
0.35 1501.0
0.37 1621.0
0.39 2265.0
0.41 4398.0
0.43 8414.0
0.45 11188.0
0.47 9270.0
0.49 5145.0
0.51 4516.0
0.53 10500.0
0.55 21847.0
0.57 27616.0
0.59 20288.0
0.61 9342.0
0.62 4897.0
0.64 7420.0
0.66 16940.0
0.68 29495.0
0.7 33026.0
0.72 22641.0
0.74 10663.0
0.76 5131.0
0.78 3921.0
0.8 4172.0
0.82 4401.0
0.84 5640.0
0.86 7184.0
0.88 8661.0
0.9 9179.0
0.92 8100.0
0.94 7032.0
0.96 7320.0
0.98 12178.0
1.0 21517.0
1.02 29692.0
1.04 28111.0
1.05 19009.0
1.07 10330.0
1.09 6391.0
1.11 5252.0
1.13 4951.0
1.15 4931.0
1.17 4785.0
1.19 4883.0
1.21 5575.0
1.23 6491.0
1.25 7522.0
1.27 8037.0
1.29 7621.0
1.31 6773.0
1.33 5959.0
1.35 5664.0
1.37 5551.0
1.39 5703.0
1.41 5880.0
1.43 5741.0
1.45 5745.0
1.46 5851.0
1.48 5787.0
1.5 5715.0
1.52 5954.0
1.54 6220.0
1.56 7444.0
1.58 11364.0
1.6 19439.0
1.62 30437.0
1.64 35941.0
1.66 31848.0
1.68 22030.0
1.7 13508.0
1.72 9256.0
1.74 7748.0
1.76 7326.0
1.78 8118.0
1.8 14726.0
1.82 38639.0
1.84 101638.0
1.86 208612.0
1.88 314326.0
1.89 341639.0
1.91 268683.0
1.93 156119.0
1.95 72697.0
1.97 34092.0
1.99 19633.0
2.01 12699.0
2.03 8067.0
2.05 5483.0
2.07 4348.0
2.09 4309.0
2.11 4689.0
2.13 5879.0
2.15 7259.0
2.17 8206.0
2.19 8576.0
2.21 8072.0
2.23 7467.0
2.25 6953.0
2.27 6733.0
2.29 6451.0
2.3 5997.0
2.32 6670.0
2.34 9650.0
2.36 17559.0
2.38 32480.0
2.4 51986.0
2.42 66110.0
2.44 67205.0
2.46 55991.0
2.48 42071.0
2.5 34773.0
2.52 33318.0
2.54 31007.0
2.56 25982.0
2.58 19716.0
2.6 14371.0
2.62 11048.0
2.64 8843.0
2.66 7069.0
2.68 6035.0
2.7 5275.0
2.71 4834.0
2.73 4708.0
2.75 4603.0
2.77 4361.0
2.79 3785.0
2.81 3337.0
2.83 2940.0
2.85 2912.0
2.87 2939.0
2.89 2956.0
2.91 2990.0
2.93 3292.0
2.95 3476.0
2.97 3336.0
2.99 3224.0
3.01 2873.0
3.03 2752.0
3.05 2709.0
3.07 2517.0
3.09 2531.0
3.11 2527.0
3.12 2535.0
3.14 2609.0
3.16 2528.0
3.18 2484.0
3.2 2507.0
3.22 2492.0
3.24 2553.0
3.26 2543.0
3.28 2588.0
3.3 2562.0
3.32 2672.0
3.34 2685.0
3.36 2715.0
3.38 2639.0
3.4 2574.0
3.42 2498.0
3.44 2457.0
3.46 2431.0
3.48 2455.0
3.5 2561.0
3.52 2715.0
3.54 3054.0
3.55 3512.0
3.57 3871.0
3.59 3934.0
3.61 3762.0
3.63 3440.0
3.65 3003.0
3.67 2662.0
3.69 2551.0
3.71 2411.0
3.73 2353.0
3.75 2284.0
3.77 2329.0
3.79 2251.0
3.81 2209.0
3.83 2248.0
3.85 2232.0
3.87 2219.0
3.89 2271.0
3.91 2330.0
3.93 2273.0
3.95 2170.0
3.96 2178.0
3.98 2238.0
4.0 2179.0
4.02 2168.0
4.04 2162.0
4.06 2278.0
4.08 2503.0
4.1 2647.0
4.12 2802.0
4.14 2840.0
4.16 2813.0
4.18 2763.0
4.2 2589.0
4.22 2383.0
4.24 2446.0
4.26 2304.0
4.28 2360.0
4.3 2186.0
4.32 2049.0
4.34 2052.0
4.36 2015.0
4.38 2049.0
4.39 1980.0
4.41 1930.0
4.43 1956.0
4.45 1991.0
4.47 1885.0
4.49 1777.0
4.51 1855.0
4.53 1909.0
4.55 1881.0
4.57 1871.0
4.59 1864.0
4.61 1911.0
4.63 1915.0
4.65 1978.0
4.67 1937.0
4.69 1952.0
4.71 1942.0
4.73 1952.0
4.75 1867.0
4.77 1919.0
4.79 1922.0
4.8 1877.0
4.82 1876.0
4.84 1762.0
4.86 1722.0
4.88 1808.0
4.9 1787.0
4.92 1822.0
4.94 1682.0
4.96 1655.0
4.98 1678.0
5.0 1710.0
5.02 1737.0
5.04 1697.0
5.06 1576.0
5.08 1670.0
5.1 1622.0
5.12 1593.0
5.14 1660.0
5.16 1592.0
5.18 1557.0
5.2 1565.0
5.21 1601.0
5.23 1639.0
5.25 1582.0
5.27 1579.0
5.29 1545.0
5.31 1593.0
5.33 1467.0
5.35 1502.0
5.37 1454.0
5.39 1541.0
5.41 1524.0
5.43 1488.0
5.45 1457.0
5.47 1533.0
5.49 1451.0
5.51 1493.0
5.53 1433.0
5.55 1448.0
5.57 1459.0
5.59 1393.0
5.61 1440.0
5.62 1475.0
5.64 1459.0
5.66 1456.0
5.68 1493.0
5.7 1394.0
5.72 1433.0
5.74 1442.0
5.76 1364.0
5.78 1344.0
5.8 1343.0
5.82 1401.0
5.84 1363.0
5.86 1366.0
5.88 1402.0
5.9 1351.0
5.92 1392.0
5.94 1328.0
5.96 1396.0
5.98 1418.0
6.0 1364.0
6.02 1373.0
6.04 1268.0
6.05 1259.0
6.07 1364.0
6.09 1346.0
6.11 1307.0
6.13 1303.0
6.15 1285.0
6.17 1279.0
6.19 1272.0
6.21 1303.0
6.23 1273.0
6.25 1217.0
6.27 1305.0
6.29 1308.0
6.31 1405.0
6.33 1655.0
6.35 1736.0
6.37 2058.0
6.39 2600.0
6.41 2905.0
6.43 3152.0
6.45 3135.0
6.46 2942.0
6.48 2573.0
6.5 2206.0
6.52 1824.0
6.54 1465.0
6.56 1348.0
6.58 1187.0
6.6 1194.0
6.62 1143.0
6.64 1166.0
6.66 1143.0
6.68 1129.0
6.7 1113.0
6.72 1106.0
6.74 1135.0
6.76 1166.0
6.78 1131.0
6.8 1139.0
6.82 1132.0
6.84 1156.0
6.86 1184.0
6.88 1132.0
6.89 1145.0
6.91 1155.0
6.93 1144.0
6.95 1141.0
6.97 1166.0
6.99 1158.0
7.01 1216.0
7.03 1284.0
7.05 1277.0
7.07 1328.0
7.09 1315.0
7.11 1232.0
7.13 1183.0
7.15 1175.0
7.17 1105.0
7.19 1092.0
7.21 1034.0
7.23 1054.0
7.25 1077.0
7.27 1079.0
7.29 1087.0
7.3 1103.0
7.32 1219.0
7.34 1430.0
7.36 1755.0
7.38 2324.0
7.4 3189.0
7.42 4311.0
7.44 5350.0
7.46 6191.0
7.48 6456.0
7.5 6293.0
7.52 5570.0
7.54 4474.0
7.56 3452.0
7.58 2568.0
7.6 1816.0
7.62 1418.0
7.64 1175.0
7.66 1013.0
7.68 1038.0
7.7 1006.0
7.71 1012.0
7.73 922.0
7.75 938.0
7.77 947.0
7.79 911.0
7.81 952.0
7.83 924.0
7.85 923.0
7.87 904.0
7.89 945.0
7.91 971.0
7.93 904.0
7.95 987.0
7.97 885.0
7.99 903.0
8.01 924.0
8.03 939.0
8.05 917.0
8.07 988.0
8.09 941.0
8.11 917.0
8.12 1005.0
8.14 1073.0
8.16 1131.0
8.18 1263.0
8.2 1418.0
8.22 1527.0
8.24 1532.0
8.26 1645.0
8.28 1543.0
8.3 1387.0
8.32 1321.0
8.34 1179.0
8.36 1021.0
8.38 949.0
8.4 845.0
8.42 914.0
8.44 796.0
8.46 818.0
8.48 845.0
8.5 833.0
8.52 842.0
8.54 790.0
8.55 809.0
8.57 817.0
8.59 789.0
8.61 817.0
8.63 824.0
8.65 800.0
8.67 834.0
8.69 736.0
8.71 814.0
8.73 777.0
8.75 764.0
8.77 795.0
8.79 793.0
8.81 792.0
8.83 774.0
8.85 804.0
8.87 772.0
8.89 751.0
8.91 771.0
8.93 751.0
8.95 771.0
8.96 800.0
8.98 764.0
9.0 796.0
9.02 826.0
9.04 770.0
9.06 749.0
9.08 824.0
9.1 924.0
9.12 928.0
9.14 994.0
9.16 1114.0
9.18 1110.0
9.2 1181.0
9.22 1114.0
9.24 1036.0
9.26 1056.0
9.28 1083.0
9.3 1072.0
9.32 1035.0
9.34 1003.0
9.36 1057.0
9.38 1072.0
9.39 1175.0
9.41 1033.0
9.43 1045.0
9.45 1008.0
9.47 920.0
9.49 790.0
9.51 818.0
9.53 764.0
9.55 725.0
9.57 705.0
9.59 700.0
9.61 694.0
9.63 720.0
9.65 718.0
9.67 700.0
9.69 712.0
9.71 711.0
9.73 746.0
9.75 726.0
9.77 639.0
9.79 696.0
9.8 680.0
9.82 671.0
9.84 644.0
9.86 722.0
9.88 696.0
9.9 713.0
9.92 679.0
9.94 664.0
9.96 628.0
9.98 664.0
10.0 654.0
10.02 661.0
10.04 637.0
10.06 664.0
10.08 655.0
10.1 684.0
10.12 678.0
10.14 644.0
10.16 631.0
10.18 667.0
10.2 697.0
10.21 705.0
10.23 715.0
10.25 681.0
10.27 648.0
10.29 608.0
10.31 638.0
10.33 615.0
10.35 628.0
10.37 627.0
10.39 588.0
10.41 604.0
10.43 615.0
10.45 578.0
10.47 593.0
10.49 609.0
10.51 606.0
10.53 592.0
10.55 629.0
10.57 567.0
10.59 610.0
10.61 612.0
10.62 577.0
10.64 582.0
10.66 602.0
10.68 586.0
10.7 604.0
10.72 594.0
10.74 594.0
10.76 576.0
10.78 644.0
10.8 554.0
10.82 609.0
10.84 581.0
10.86 592.0
10.88 636.0
10.9 624.0
10.92 674.0
10.94 658.0
10.96 682.0
10.98 708.0
11.0 685.0
11.02 669.0
11.04 658.0
11.05 657.0
11.07 624.0
11.09 639.0
11.11 615.0
11.13 665.0
11.15 599.0
11.17 636.0
11.19 631.0
11.21 605.0
11.23 577.0
11.25 553.0
11.27 576.0
11.29 595.0
11.31 553.0
11.33 518.0
11.35 545.0
11.37 504.0
11.39 532.0
11.41 496.0
11.43 558.0
11.45 528.0
11.46 499.0
11.48 462.0
11.5 488.0
11.52 534.0
11.54 469.0
11.56 495.0
11.58 485.0
11.6 483.0
11.62 503.0
11.64 517.0
11.66 501.0
11.68 513.0
11.7 468.0
11.72 468.0
11.74 523.0
11.76 489.0
11.78 481.0
11.8 469.0
11.82 479.0
11.84 523.0
11.86 478.0
11.88 430.0
11.89 478.0
11.91 477.0
11.93 476.0
11.95 463.0
11.97 449.0
11.99 447.0
12.01 476.0
12.03 461.0
12.05 485.0
12.07 457.0
12.09 455.0
12.11 459.0
12.13 479.0
12.15 462.0
12.17 439.0
12.19 429.0
12.21 466.0
12.23 433.0
12.25 459.0
12.27 426.0
12.29 436.0
12.3 414.0
12.32 464.0
12.34 448.0
12.36 438.0
12.38 409.0
12.4 452.0
12.42 428.0
12.44 412.0
12.46 443.0
12.48 431.0
12.5 433.0
12.52 421.0
12.54 412.0
12.56 424.0
12.58 401.0
12.6 422.0
12.62 403.0
12.64 410.0
12.66 388.0
12.68 406.0
12.7 382.0
12.71 462.0
12.73 401.0
12.75 406.0
12.77 431.0
12.79 435.0
12.81 438.0
12.83 423.0
12.85 389.0
12.87 365.0
12.89 409.0
12.91 376.0
12.93 373.0
12.95 392.0
12.97 369.0
12.99 357.0
13.01 397.0
13.03 392.0
13.05 355.0
13.07 362.0
13.09 389.0
13.11 394.0
13.12 332.0
13.14 362.0
13.16 351.0
13.18 382.0
13.2 383.0
13.22 353.0
13.24 390.0
13.26 391.0
13.28 326.0
13.3 377.0
13.32 355.0
13.34 347.0
13.36 363.0
13.38 327.0
13.4 341.0
13.42 350.0
13.44 334.0
13.46 326.0
13.48 339.0
13.5 349.0
13.52 318.0
13.54 356.0
13.55 332.0
13.57 333.0
13.59 303.0
13.61 331.0
13.63 310.0
13.65 324.0
13.67 326.0
13.69 302.0
13.71 340.0
13.73 311.0
13.75 325.0
13.77 298.0
13.79 305.0
13.81 278.0
13.83 297.0
13.85 281.0
13.87 283.0
13.89 309.0
13.91 300.0
13.93 320.0
13.95 308.0
13.96 300.0
13.98 267.0
14.0 299.0
14.02 299.0
14.04 297.0
14.06 293.0
14.08 309.0
14.1 292.0
14.12 277.0
14.14 285.0
14.16 288.0
14.18 265.0
14.2 275.0
14.22 276.0
14.24 320.0
14.26 256.0
14.28 253.0
14.3 242.0
14.32 287.0
14.34 248.0
14.36 252.0
14.38 276.0
14.39 290.0
14.41 275.0
14.43 251.0
14.45 258.0
14.47 268.0
14.49 260.0
14.51 254.0
14.53 254.0
14.55 241.0
14.57 240.0
14.59 254.0
14.61 271.0
14.63 240.0
14.65 234.0
14.67 263.0
14.69 245.0
14.71 250.0
14.73 225.0
14.75 248.0
14.77 241.0
14.79 234.0
14.8 220.0
14.82 222.0
14.84 224.0
14.86 218.0
14.88 189.0
14.9 242.0
14.92 232.0
14.94 252.0
14.96 224.0
14.98 207.0
15.0 222.0
15.02 235.0
15.04 224.0
15.06 202.0
15.08 223.0
15.1 197.0
15.12 185.0
15.14 217.0
15.16 212.0
15.18 197.0
15.2 233.0
15.21 197.0
15.23 193.0
15.25 187.0
15.27 206.0
15.29 185.0
15.31 161.0
15.33 188.0
15.35 188.0
15.37 190.0
15.39 201.0
15.41 182.0
15.43 181.0
15.45 193.0
15.47 185.0
15.49 194.0
15.51 169.0
15.53 186.0
15.55 158.0
15.57 173.0
15.59 173.0
15.61 169.0
15.62 194.0
15.64 156.0
15.66 158.0
15.68 169.0
15.7 190.0
15.72 146.0
15.74 168.0
15.76 177.0
15.78 156.0
15.8 140.0
15.82 156.0
15.84 193.0
15.86 163.0
15.88 166.0
15.9 157.0
15.92 152.0
15.94 146.0
15.96 143.0
15.98 138.0
16.0 178.0
16.02 133.0
16.04 138.0
16.05 157.0
16.07 140.0
16.09 122.0
16.11 142.0
16.13 133.0
16.15 128.0
16.17 146.0
16.19 154.0
16.21 134.0
16.23 125.0
16.25 125.0
16.27 151.0
16.29 156.0
16.31 120.0
16.33 118.0
16.35 137.0
16.37 113.0
16.39 113.0
16.41 120.0
16.43 105.0
16.45 116.0
16.46 110.0
16.48 85.0
16.5 114.0
16.52 122.0
16.54 119.0
16.56 101.0
16.58 119.0
16.6 101.0
16.62 121.0
16.64 112.0
16.66 120.0
16.68 111.0
16.7 116.0
16.72 101.0
16.74 112.0
16.76 106.0
16.78 115.0
16.8 109.0
16.82 88.0
16.84 102.0
16.86 105.0
16.88 86.0
16.89 86.0
16.91 85.0
16.93 99.0
16.95 96.0
16.97 97.0
16.99 97.0
17.01 86.0
17.03 79.0
17.05 114.0
17.07 90.0
17.09 69.0
17.11 96.0
17.13 91.0
17.15 78.0
17.17 70.0
17.19 82.0
17.21 92.0
17.23 71.0
17.25 78.0
17.27 76.0
17.29 65.0
17.3 72.0
17.32 86.0
17.34 72.0
17.36 65.0
17.38 82.0
17.4 68.0
17.42 65.0
17.44 49.0
17.46 67.0
17.48 81.0
17.5 76.0
17.52 70.0
17.54 57.0
17.56 68.0
17.58 69.0
17.6 58.0
17.62 69.0
17.64 53.0
17.66 63.0
17.68 64.0
17.7 68.0
17.71 60.0
17.73 59.0
17.75 54.0
17.77 57.0
17.79 55.0
17.81 58.0
17.83 55.0
17.85 39.0
17.87 53.0
17.89 52.0
17.91 43.0
17.93 50.0
17.95 50.0
17.97 51.0
17.99 47.0
18.01 49.0
18.03 42.0
18.05 46.0
18.07 48.0
18.09 39.0
18.11 44.0
18.12 33.0
18.14 36.0
18.16 32.0
18.18 42.0
18.2 37.0
18.22 43.0
18.24 33.0
18.26 38.0
18.28 43.0
18.3 39.0
18.32 43.0
18.34 31.0
18.36 37.0
18.38 30.0
18.4 30.0
18.42 32.0
18.44 31.0
18.46 26.0
18.48 27.0
18.5 29.0
18.52 31.0
18.54 32.0
18.55 39.0
18.57 32.0
18.59 28.0
18.61 30.0
18.63 17.0
18.65 27.0
18.67 26.0
18.69 27.0
18.71 21.0
18.73 27.0
18.75 30.0
18.77 30.0
18.79 17.0
18.81 14.0
18.83 25.0
18.85 15.0
18.87 15.0
18.89 17.0
18.91 15.0
18.93 19.0
18.95 15.0
18.96 14.0
18.98 21.0
19.0 17.0
19.02 26.0
19.04 22.0
19.06 19.0
19.08 16.0
19.1 13.0
19.12 17.0
19.14 13.0
19.16 7.0
19.18 12.0
19.2 21.0
19.22 14.0
19.24 15.0
19.26 14.0
19.28 12.0
19.3 11.0
19.32 10.0
19.34 5.0
19.36 13.0
19.38 12.0
19.39 14.0
19.41 10.0
19.43 8.0
19.45 7.0
19.47 10.0
19.49 11.0
19.51 7.0
19.53 0.0
19.55 2.0
19.57 5.0
19.59 8.0
19.61 4.0
19.63 8.0
19.65 3.0
19.67 5.0
19.69 1.0
19.71 4.0
19.73 1.0
19.75 3.0
19.77 3.0
19.79 1.0
19.8 3.0
19.82 0.0
19.84 2.0
19.86 1.0
19.88 2.0
19.9 2.0
19.92 2.0
19.94 3.0
19.96 1.0
19.98 0.0
